stroke(0xffffffff);
point(32.98611111111111, 104.16666666666667, 289.73074923803654);
point(32.98611111111111, 110.67708333333333, 296.4676748505309);
point(32.98611111111111, 117.1875, 439.55854531977883);
point(32.98611111111111, 123.69791666666667, 374.9297006811223);
point(32.98611111111111, 130.20833333333331, 411.2057601057847);
point(32.98611111111111, 136.71875, 293.0604997543464);
point(32.98611111111111, 143.22916666666669, 303.5253577581974);
point(32.98611111111111, 149.73958333333331, 307.1817281080316);
point(32.98611111111111, 156.25, 307.1817281080316);
point(32.98611111111111, 162.76041666666669, 305.342597387824);
point(39.58333333333333, 97.65625, 1592.4809917097316);
point(39.58333333333333, 104.16666666666667, 286.4758138581271);
point(39.58333333333333, 110.67708333333333, 281.72826480247255);
point(39.58333333333333, 117.1875, 283.2932001299816);
point(39.58333333333333, 123.69791666666667, 284.87561827784316);
point(39.58333333333333, 130.20833333333331, 288.0940881398443);
point(39.58333333333333, 136.71875, 289.73074923803654);
point(39.58333333333333, 143.22916666666669, 289.73074923803654);
point(39.58333333333333, 149.73958333333331, 291.3861123093492);
point(39.58333333333333, 156.25, 294.7542414268417);
point(39.58333333333333, 162.76041666666669, 296.4676748505309);
point(46.18055555555556, 97.65625, 1819.7712797273912);
point(46.18055555555556, 104.16666666666667, 277.13550567720233);
point(46.18055555555556, 110.67708333333333, 277.13550567720233);
point(46.18055555555556, 117.1875, 278.6496963537868);
point(46.18055555555556, 123.69791666666667, 281.72826480247255);
point(46.18055555555556, 130.20833333333331, 283.2932001299816);
point(46.18055555555556, 136.71875, 284.87561827784316);
point(46.18055555555556, 143.22916666666669, 286.4758138581271);
point(46.18055555555556, 149.73958333333331, 289.73074923803654);
point(46.18055555555556, 156.25, 291.3861123093492);
point(46.18055555555556, 162.76041666666669, 293.0604997543464);
point(52.77777777777778, 97.65625, 1698.5562272068742);
point(52.77777777777778, 104.16666666666667, 272.69008771531156);
point(52.77777777777778, 110.67708333333333, 274.15596248901363);
point(52.77777777777778, 117.1875, 275.6376823735107);
point(52.77777777777778, 123.69791666666667, 278.6496963537868);
point(52.77777777777778, 130.20833333333331, 278.6496963537868);
point(52.77777777777778, 136.71875, 280.1805241573296);
point(52.77777777777778, 143.22916666666669, 283.2932001299816);
point(52.77777777777778, 149.73958333333331, 284.87561827784316);
point(52.77777777777778, 156.25, 288.0940881398443);
point(52.77777777777778, 162.76041666666669, 289.73074923803654);
point(59.375, 97.65625, 1544.2612526683924);
point(59.375, 104.16666666666667, 269.8048675972289);
point(59.375, 110.67708333333333, 271.239805239183);
point(59.375, 117.1875, 271.239805239183);
point(59.375, 123.69791666666667, 272.69008771531156);
point(59.375, 130.20833333333331, 275.6376823735107);
point(59.375, 136.71875, 277.13550567720233);
point(59.375, 143.22916666666669, 277.13550567720233);
point(59.375, 149.73958333333331, 280.1805241573296);
point(59.375, 156.25, 281.72826480247255);
point(59.375, 162.76041666666669, 286.4758138581271);
point(59.375, 169.27083333333331, 286.4758138581271);
point(65.97222222222221, 26.041666666666668, 1108.0813896644254);
point(65.97222222222221, 32.55208333333333, 1158.4195523049143);
point(65.97222222222221, 39.0625, 1213.548916729129);
point(65.97222222222221, 58.59375, 443.37994618584577);
point(65.97222222222221, 65.10416666666666, 386.2890123498869);
point(65.97222222222221, 71.61458333333334, 305.342597387824);
point(65.97222222222221, 84.63541666666666, 339.9422098243299);
point(65.97222222222221, 91.14583333333334, 301.7296206785367);
point(65.97222222222221, 97.65625, 318.6992073138344);
point(65.97222222222221, 104.16666666666667, 266.9800628711874);
point(65.97222222222221, 110.67708333333333, 266.9800628711874);
point(65.97222222222221, 117.1875, 268.38503253510714);
point(65.97222222222221, 123.69791666666667, 268.38503253510714);
point(65.97222222222221, 130.20833333333331, 269.8048675972289);
point(65.97222222222221, 136.71875, 269.8048675972289);
point(65.97222222222221, 143.22916666666669, 274.15596248901363);
point(65.97222222222221, 149.73958333333331, 275.6376823735107);
point(65.97222222222221, 156.25, 277.13550567720233);
point(65.97222222222221, 162.76041666666669, 281.72826480247255);
point(65.97222222222221, 169.27083333333331, 283.2932001299816);
point(72.56944444444444, 26.041666666666668, 738.8573787947932);
point(72.56944444444444, 32.55208333333333, 289.73074923803654);
point(72.56944444444444, 39.0625, 291.3861123093492);
point(72.56944444444444, 45.57291666666667, 293.0604997543464);
point(72.56944444444444, 52.083333333333336, 293.0604997543464);
point(72.56944444444444, 58.59375, 294.7542414268417);
point(72.56944444444444, 65.10416666666666, 298.2011454432234);
point(72.56944444444444, 71.61458333333334, 298.2011454432234);
point(72.56944444444444, 78.125, 299.95500674898767);
point(72.56944444444444, 84.63541666666666, 299.95500674898767);
point(72.56944444444444, 91.14583333333334, 299.95500674898767);
point(72.56944444444444, 97.65625, 293.0604997543464);
point(72.56944444444444, 104.16666666666667, 264.2137955865935);
point(72.56944444444444, 110.67708333333333, 264.2137955865935);
point(72.56944444444444, 117.1875, 265.58972636446725);
point(72.56944444444444, 123.69791666666667, 265.58972636446725);
point(72.56944444444444, 130.20833333333331, 265.58972636446725);
point(72.56944444444444, 136.71875, 266.9800628711874);
point(72.56944444444444, 143.22916666666669, 269.8048675972289);
point(72.56944444444444, 149.73958333333331, 272.69008771531156);
point(72.56944444444444, 156.25, 274.15596248901363);
point(72.56944444444444, 162.76041666666669, 277.13550567720233);
point(72.56944444444444, 169.27083333333331, 278.6496963537868);
point(79.16666666666666, 26.041666666666668, 283.2932001299816);
point(79.16666666666666, 32.55208333333333, 286.4758138581271);
point(79.16666666666666, 39.0625, 288.0940881398443);
point(79.16666666666666, 45.57291666666667, 289.73074923803654);
point(79.16666666666666, 52.083333333333336, 291.3861123093492);
point(79.16666666666666, 58.59375, 294.7542414268417);
point(79.16666666666666, 65.10416666666666, 293.0604997543464);
point(79.16666666666666, 71.61458333333334, 294.7542414268417);
point(79.16666666666666, 78.125, 298.2011454432234);
point(79.16666666666666, 84.63541666666666, 298.2011454432234);
point(79.16666666666666, 91.14583333333334, 298.2011454432234);
point(79.16666666666666, 97.65625, 291.3861123093492);
point(79.16666666666666, 104.16666666666667, 261.5042648269073);
point(79.16666666666666, 110.67708333333333, 261.5042648269073);
point(79.16666666666666, 117.1875, 261.5042648269073);
point(79.16666666666666, 123.69791666666667, 261.5042648269073);
point(79.16666666666666, 130.20833333333331, 262.852047797841);
point(79.16666666666666, 136.71875, 264.2137955865935);
point(79.16666666666666, 143.22916666666669, 266.9800628711874);
point(79.16666666666666, 149.73958333333331, 268.38503253510714);
point(79.16666666666666, 156.25, 271.239805239183);
point(79.16666666666666, 162.76041666666669, 274.15596248901363);
point(79.16666666666666, 169.27083333333331, 275.6376823735107);
point(85.76388888888889, 26.041666666666668, 421.39879612147854);
point(85.76388888888889, 32.55208333333333, 280.1805241573296);
point(85.76388888888889, 39.0625, 281.72826480247255);
point(85.76388888888889, 45.57291666666667, 280.1805241573296);
point(85.76388888888889, 52.083333333333336, 284.87561827784316);
point(85.76388888888889, 58.59375, 286.4758138581271);
point(85.76388888888889, 65.10416666666666, 289.73074923803654);
point(85.76388888888889, 71.61458333333334, 291.3861123093492);
point(85.76388888888889, 78.125, 293.0604997543464);
point(85.76388888888889, 84.63541666666666, 296.4676748505309);
point(85.76388888888889, 91.14583333333334, 296.4676748505309);
point(85.76388888888889, 97.65625, 293.0604997543464);
point(85.76388888888889, 104.16666666666667, 258.84974279978985);
point(85.76388888888889, 110.67708333333333, 257.54258921199545);
point(85.76388888888889, 117.1875, 258.84974279978985);
point(85.76388888888889, 123.69791666666667, 258.84974279978985);
point(85.76388888888889, 130.20833333333331, 260.170232954386);
point(85.76388888888889, 136.71875, 261.5042648269073);
point(85.76388888888889, 143.22916666666669, 264.2137955865935);
point(85.76388888888889, 149.73958333333331, 266.9800628711874);
point(85.76388888888889, 156.25, 268.38503253510714);
point(85.76388888888889, 162.76041666666669, 271.239805239183);
point(85.76388888888889, 169.27083333333331, 272.69008771531156);
point(92.36111111111111, 26.041666666666668, 749.718855429214);
point(92.36111111111111, 32.55208333333333, 283.2932001299816);
point(92.36111111111111, 39.0625, 281.72826480247255);
point(92.36111111111111, 45.57291666666667, 284.87561827784316);
point(92.36111111111111, 52.083333333333336, 288.0940881398443);
point(92.36111111111111, 58.59375, 289.73074923803654);
point(92.36111111111111, 65.10416666666666, 293.0604997543464);
point(92.36111111111111, 71.61458333333334, 294.7542414268417);
point(92.36111111111111, 78.125, 296.4676748505309);
point(92.36111111111111, 84.63541666666666, 298.2011454432234);
point(92.36111111111111, 91.14583333333334, 298.2011454432234);
point(92.36111111111111, 97.65625, 298.2011454432234);
point(92.36111111111111, 104.16666666666667, 254.96749164481528);
point(92.36111111111111, 110.67708333333333, 254.96749164481528);
point(92.36111111111111, 117.1875, 256.2485711629917);
point(92.36111111111111, 123.69791666666667, 257.54258921199545);
point(92.36111111111111, 130.20833333333331, 258.84974279978985);
point(92.36111111111111, 136.71875, 261.5042648269073);
point(92.36111111111111, 143.22916666666669, 262.852047797841);
point(92.36111111111111, 149.73958333333331, 265.58972636446725);
point(92.36111111111111, 156.25, 266.9800628711874);
point(92.36111111111111, 162.76041666666669, 269.8048675972289);
point(92.36111111111111, 169.27083333333331, 271.239805239183);
point(98.95833333333334, 26.041666666666668, 1185.3435753216115);
point(98.95833333333334, 32.55208333333333, 342.2233107756726);
point(98.95833333333334, 39.0625, 424.909706687329);
point(98.95833333333334, 45.57291666666667, 459.3539322047638);
point(98.95833333333334, 52.083333333333336, 411.2057601057847);
point(98.95833333333334, 58.59375, 318.6992073138344);
point(98.95833333333334, 71.61458333333334, 344.53523210527914);
point(98.95833333333334, 78.125, 344.53523210527914);
point(98.95833333333334, 84.63541666666666, 339.9422098243299);
point(98.95833333333334, 91.14583333333334, 398.3581395893787);
point(98.95833333333334, 97.65625, 421.39879612147854);
point(98.95833333333334, 104.16666666666667, 254.96749164481528);
point(98.95833333333334, 110.67708333333333, 254.96749164481528);
point(98.95833333333334, 117.1875, 254.96749164481528);
point(98.95833333333334, 123.69791666666667, 257.54258921199545);
point(98.95833333333334, 130.20833333333331, 260.170232954386);
point(98.95833333333334, 136.71875, 264.2137955865935);
point(98.95833333333334, 143.22916666666669, 266.9800628711874);
point(98.95833333333334, 149.73958333333331, 269.8048675972289);
point(98.95833333333334, 156.25, 271.239805239183);
point(98.95833333333334, 162.76041666666669, 275.6376823735107);
point(98.95833333333334, 169.27083333333331, 274.15596248901363);
point(105.55555555555556, 104.16666666666667, 653.6324663090912);
point(105.55555555555556, 110.67708333333333, 380.52460166162405);
point(105.55555555555556, 117.1875, 377.7064332292789);
point(105.55555555555556, 123.69791666666667, 369.4969407826815);
point(105.55555555555556, 130.20833333333331, 349.2540686386967);
point(105.55555555555556, 136.71875, 322.7327235161414);
point(105.55555555555556, 143.22916666666669, 310.92726435828575);
point(105.55555555555556, 149.73958333333331, 307.1817281080316);
point(105.55555555555556, 156.25, 305.342597387824);
point(105.55555555555556, 162.76041666666669, 299.95500674898767);
point(105.55555555555556, 169.27083333333331, 291.3861123093492);
point(112.15277777777777, 104.16666666666667, 980.2885123641292);
point(112.15277777777777, 110.67708333333333, 455.25349139258475);
point(112.15277777777777, 117.1875, 407.9167849758649);
point(112.15277777777777, 123.69791666666667, 377.7064332292789);
point(112.15277777777777, 130.20833333333331, 351.6622938724569);
point(112.15277777777777, 136.71875, 324.78801213815586);
point(112.15277777777777, 143.22916666666669, 316.72002260511533);
point(112.15277777777777, 149.73958333333331, 314.76526842996935);
point(112.15277777777777, 156.25, 320.7032834356754);
point(112.15277777777777, 162.76041666666669, 314.76526842996935);
point(112.15277777777777, 169.27083333333331, 289.73074923803654);
point(118.75, 104.16666666666667, 670.8275512821357);
point(118.75, 110.67708333333333, 520.2727861627841);
point(118.75, 130.20833333333331, 366.8391769855171);
point(118.75, 136.71875, 490.2644063234495);
point(118.75, 143.22916666666669, 459.3539322047638);
point(118.75, 149.73958333333331, 404.68000523703535);
point(118.75, 156.25, 356.57977074018265);
point(118.75, 162.76041666666669, 324.78801213815586);
point(118.75, 169.27083333333331, 291.3861123093492);
line(32.98611111111111, 162.76041666666669, 305.342597387824, 39.58333333333333, 156.25, 294.7542414268417);
line(39.58333333333333, 156.25, 294.7542414268417, 39.58333333333333, 162.76041666666669, 296.4676748505309);
line(39.58333333333333, 156.25, 294.7542414268417, 46.18055555555556, 149.73958333333331, 289.73074923803654);
line(46.18055555555556, 149.73958333333331, 289.73074923803654, 46.18055555555556, 156.25, 291.3861123093492);
line(46.18055555555556, 149.73958333333331, 289.73074923803654, 52.77777777777778, 143.22916666666669, 283.2932001299816);
line(52.77777777777778, 143.22916666666669, 283.2932001299816, 52.77777777777778, 149.73958333333331, 284.87561827784316);
line(52.77777777777778, 143.22916666666669, 283.2932001299816, 59.375, 136.71875, 277.13550567720233);
line(59.375, 136.71875, 277.13550567720233, 59.375, 143.22916666666669, 277.13550567720233);
line(59.375, 136.71875, 277.13550567720233, 65.97222222222221, 130.20833333333331, 269.8048675972289);
line(65.97222222222221, 130.20833333333331, 269.8048675972289, 65.97222222222221, 136.71875, 269.8048675972289);
line(65.97222222222221, 130.20833333333331, 269.8048675972289, 72.56944444444444, 123.69791666666667, 265.58972636446725);
line(72.56944444444444, 123.69791666666667, 265.58972636446725, 72.56944444444444, 130.20833333333331, 265.58972636446725);
line(72.56944444444444, 123.69791666666667, 265.58972636446725, 79.16666666666666, 117.1875, 261.5042648269073);
line(79.16666666666666, 117.1875, 261.5042648269073, 79.16666666666666, 123.69791666666667, 261.5042648269073);
line(79.16666666666666, 117.1875, 261.5042648269073, 85.76388888888889, 110.67708333333333, 257.54258921199545);
line(85.76388888888889, 110.67708333333333, 257.54258921199545, 85.76388888888889, 117.1875, 258.84974279978985);
line(85.76388888888889, 110.67708333333333, 257.54258921199545, 92.36111111111111, 104.16666666666667, 254.96749164481528);
line(92.36111111111111, 104.16666666666667, 254.96749164481528, 92.36111111111111, 110.67708333333333, 254.96749164481528);
line(92.36111111111111, 104.16666666666667, 254.96749164481528, 98.95833333333334, 97.65625, 421.39879612147854);
line(98.95833333333334, 97.65625, 421.39879612147854, 98.95833333333334, 104.16666666666667, 254.96749164481528);
line(39.58333333333333, 162.76041666666669, 296.4676748505309, 46.18055555555556, 156.25, 291.3861123093492);
line(46.18055555555556, 156.25, 291.3861123093492, 46.18055555555556, 162.76041666666669, 293.0604997543464);
line(46.18055555555556, 156.25, 291.3861123093492, 52.77777777777778, 149.73958333333331, 284.87561827784316);
line(52.77777777777778, 149.73958333333331, 284.87561827784316, 52.77777777777778, 156.25, 288.0940881398443);
line(52.77777777777778, 149.73958333333331, 284.87561827784316, 59.375, 143.22916666666669, 277.13550567720233);
line(59.375, 143.22916666666669, 277.13550567720233, 59.375, 149.73958333333331, 280.1805241573296);
line(59.375, 143.22916666666669, 277.13550567720233, 65.97222222222221, 136.71875, 269.8048675972289);
line(65.97222222222221, 136.71875, 269.8048675972289, 65.97222222222221, 143.22916666666669, 274.15596248901363);
line(65.97222222222221, 136.71875, 269.8048675972289, 72.56944444444444, 130.20833333333331, 265.58972636446725);
line(72.56944444444444, 130.20833333333331, 265.58972636446725, 72.56944444444444, 136.71875, 266.9800628711874);
line(72.56944444444444, 130.20833333333331, 265.58972636446725, 79.16666666666666, 123.69791666666667, 261.5042648269073);
line(79.16666666666666, 123.69791666666667, 261.5042648269073, 79.16666666666666, 130.20833333333331, 262.852047797841);
line(79.16666666666666, 123.69791666666667, 261.5042648269073, 85.76388888888889, 117.1875, 258.84974279978985);
line(85.76388888888889, 117.1875, 258.84974279978985, 85.76388888888889, 123.69791666666667, 258.84974279978985);
line(85.76388888888889, 117.1875, 258.84974279978985, 92.36111111111111, 110.67708333333333, 254.96749164481528);
line(92.36111111111111, 110.67708333333333, 254.96749164481528, 92.36111111111111, 117.1875, 256.2485711629917);
line(92.36111111111111, 110.67708333333333, 254.96749164481528, 98.95833333333334, 104.16666666666667, 254.96749164481528);
line(98.95833333333334, 104.16666666666667, 254.96749164481528, 98.95833333333334, 110.67708333333333, 254.96749164481528);
line(46.18055555555556, 162.76041666666669, 293.0604997543464, 52.77777777777778, 156.25, 288.0940881398443);
line(52.77777777777778, 156.25, 288.0940881398443, 52.77777777777778, 162.76041666666669, 289.73074923803654);
line(52.77777777777778, 156.25, 288.0940881398443, 59.375, 149.73958333333331, 280.1805241573296);
line(59.375, 149.73958333333331, 280.1805241573296, 59.375, 156.25, 281.72826480247255);
line(59.375, 149.73958333333331, 280.1805241573296, 65.97222222222221, 143.22916666666669, 274.15596248901363);
line(65.97222222222221, 143.22916666666669, 274.15596248901363, 65.97222222222221, 149.73958333333331, 275.6376823735107);
line(65.97222222222221, 143.22916666666669, 274.15596248901363, 72.56944444444444, 136.71875, 266.9800628711874);
line(72.56944444444444, 136.71875, 266.9800628711874, 72.56944444444444, 143.22916666666669, 269.8048675972289);
line(72.56944444444444, 136.71875, 266.9800628711874, 79.16666666666666, 130.20833333333331, 262.852047797841);
line(79.16666666666666, 130.20833333333331, 262.852047797841, 79.16666666666666, 136.71875, 264.2137955865935);
line(79.16666666666666, 130.20833333333331, 262.852047797841, 85.76388888888889, 123.69791666666667, 258.84974279978985);
line(85.76388888888889, 123.69791666666667, 258.84974279978985, 85.76388888888889, 130.20833333333331, 260.170232954386);
line(85.76388888888889, 123.69791666666667, 258.84974279978985, 92.36111111111111, 117.1875, 256.2485711629917);
line(92.36111111111111, 117.1875, 256.2485711629917, 92.36111111111111, 123.69791666666667, 257.54258921199545);
line(92.36111111111111, 117.1875, 256.2485711629917, 98.95833333333334, 110.67708333333333, 254.96749164481528);
line(98.95833333333334, 110.67708333333333, 254.96749164481528, 98.95833333333334, 117.1875, 254.96749164481528);
line(98.95833333333334, 110.67708333333333, 254.96749164481528, 105.55555555555556, 104.16666666666667, 653.6324663090912);
line(105.55555555555556, 104.16666666666667, 653.6324663090912, 105.55555555555556, 110.67708333333333, 380.52460166162405);
line(52.77777777777778, 162.76041666666669, 289.73074923803654, 59.375, 156.25, 281.72826480247255);
line(59.375, 156.25, 281.72826480247255, 59.375, 162.76041666666669, 286.4758138581271);
line(59.375, 156.25, 281.72826480247255, 65.97222222222221, 149.73958333333331, 275.6376823735107);
line(65.97222222222221, 149.73958333333331, 275.6376823735107, 65.97222222222221, 156.25, 277.13550567720233);
line(65.97222222222221, 149.73958333333331, 275.6376823735107, 72.56944444444444, 143.22916666666669, 269.8048675972289);
line(72.56944444444444, 143.22916666666669, 269.8048675972289, 72.56944444444444, 149.73958333333331, 272.69008771531156);
line(72.56944444444444, 143.22916666666669, 269.8048675972289, 79.16666666666666, 136.71875, 264.2137955865935);
line(79.16666666666666, 136.71875, 264.2137955865935, 79.16666666666666, 143.22916666666669, 266.9800628711874);
line(79.16666666666666, 136.71875, 264.2137955865935, 85.76388888888889, 130.20833333333331, 260.170232954386);
line(85.76388888888889, 130.20833333333331, 260.170232954386, 85.76388888888889, 136.71875, 261.5042648269073);
line(85.76388888888889, 130.20833333333331, 260.170232954386, 92.36111111111111, 123.69791666666667, 257.54258921199545);
line(92.36111111111111, 123.69791666666667, 257.54258921199545, 92.36111111111111, 130.20833333333331, 258.84974279978985);
line(92.36111111111111, 123.69791666666667, 257.54258921199545, 98.95833333333334, 117.1875, 254.96749164481528);
line(98.95833333333334, 117.1875, 254.96749164481528, 98.95833333333334, 123.69791666666667, 257.54258921199545);
line(98.95833333333334, 117.1875, 254.96749164481528, 105.55555555555556, 110.67708333333333, 380.52460166162405);
line(105.55555555555556, 110.67708333333333, 380.52460166162405, 105.55555555555556, 117.1875, 377.7064332292789);
line(105.55555555555556, 110.67708333333333, 380.52460166162405, 112.15277777777777, 104.16666666666667, 980.2885123641292);
line(112.15277777777777, 104.16666666666667, 980.2885123641292, 112.15277777777777, 110.67708333333333, 455.25349139258475);
line(59.375, 162.76041666666669, 286.4758138581271, 59.375, 169.27083333333331, 286.4758138581271);
line(59.375, 162.76041666666669, 286.4758138581271, 65.97222222222221, 156.25, 277.13550567720233);
line(65.97222222222221, 156.25, 277.13550567720233, 65.97222222222221, 162.76041666666669, 281.72826480247255);
line(65.97222222222221, 156.25, 277.13550567720233, 72.56944444444444, 149.73958333333331, 272.69008771531156);
line(72.56944444444444, 149.73958333333331, 272.69008771531156, 72.56944444444444, 156.25, 274.15596248901363);
line(72.56944444444444, 149.73958333333331, 272.69008771531156, 79.16666666666666, 143.22916666666669, 266.9800628711874);
line(79.16666666666666, 143.22916666666669, 266.9800628711874, 79.16666666666666, 149.73958333333331, 268.38503253510714);
line(79.16666666666666, 143.22916666666669, 266.9800628711874, 85.76388888888889, 136.71875, 261.5042648269073);
line(85.76388888888889, 136.71875, 261.5042648269073, 85.76388888888889, 143.22916666666669, 264.2137955865935);
line(85.76388888888889, 136.71875, 261.5042648269073, 92.36111111111111, 130.20833333333331, 258.84974279978985);
line(92.36111111111111, 130.20833333333331, 258.84974279978985, 92.36111111111111, 136.71875, 261.5042648269073);
line(92.36111111111111, 130.20833333333331, 258.84974279978985, 98.95833333333334, 123.69791666666667, 257.54258921199545);
line(98.95833333333334, 123.69791666666667, 257.54258921199545, 98.95833333333334, 130.20833333333331, 260.170232954386);
line(98.95833333333334, 123.69791666666667, 257.54258921199545, 105.55555555555556, 117.1875, 377.7064332292789);
line(105.55555555555556, 117.1875, 377.7064332292789, 105.55555555555556, 123.69791666666667, 369.4969407826815);
line(105.55555555555556, 117.1875, 377.7064332292789, 112.15277777777777, 110.67708333333333, 455.25349139258475);
line(112.15277777777777, 110.67708333333333, 455.25349139258475, 112.15277777777777, 117.1875, 407.9167849758649);
line(112.15277777777777, 110.67708333333333, 455.25349139258475, 118.75, 104.16666666666667, 670.8275512821357);
line(118.75, 104.16666666666667, 670.8275512821357, 118.75, 110.67708333333333, 520.2727861627841);
line(59.375, 169.27083333333331, 286.4758138581271, 65.97222222222221, 162.76041666666669, 281.72826480247255);
line(65.97222222222221, 162.76041666666669, 281.72826480247255, 65.97222222222221, 169.27083333333331, 283.2932001299816);
line(65.97222222222221, 162.76041666666669, 281.72826480247255, 72.56944444444444, 156.25, 274.15596248901363);
line(72.56944444444444, 156.25, 274.15596248901363, 72.56944444444444, 162.76041666666669, 277.13550567720233);
line(72.56944444444444, 156.25, 274.15596248901363, 79.16666666666666, 149.73958333333331, 268.38503253510714);
line(79.16666666666666, 149.73958333333331, 268.38503253510714, 79.16666666666666, 156.25, 271.239805239183);
line(79.16666666666666, 149.73958333333331, 268.38503253510714, 85.76388888888889, 143.22916666666669, 264.2137955865935);
line(85.76388888888889, 143.22916666666669, 264.2137955865935, 85.76388888888889, 149.73958333333331, 266.9800628711874);
line(85.76388888888889, 143.22916666666669, 264.2137955865935, 92.36111111111111, 136.71875, 261.5042648269073);
line(92.36111111111111, 136.71875, 261.5042648269073, 92.36111111111111, 143.22916666666669, 262.852047797841);
line(92.36111111111111, 136.71875, 261.5042648269073, 98.95833333333334, 130.20833333333331, 260.170232954386);
line(98.95833333333334, 130.20833333333331, 260.170232954386, 98.95833333333334, 136.71875, 264.2137955865935);
line(98.95833333333334, 130.20833333333331, 260.170232954386, 105.55555555555556, 123.69791666666667, 369.4969407826815);
line(105.55555555555556, 123.69791666666667, 369.4969407826815, 105.55555555555556, 130.20833333333331, 349.2540686386967);
line(105.55555555555556, 123.69791666666667, 369.4969407826815, 112.15277777777777, 117.1875, 407.9167849758649);
line(112.15277777777777, 117.1875, 407.9167849758649, 112.15277777777777, 123.69791666666667, 377.7064332292789);
line(112.15277777777777, 117.1875, 407.9167849758649, 118.75, 110.67708333333333, 520.2727861627841);
line(65.97222222222221, 169.27083333333331, 283.2932001299816, 72.56944444444444, 162.76041666666669, 277.13550567720233);
line(72.56944444444444, 162.76041666666669, 277.13550567720233, 72.56944444444444, 169.27083333333331, 278.6496963537868);
line(72.56944444444444, 162.76041666666669, 277.13550567720233, 79.16666666666666, 156.25, 271.239805239183);
line(79.16666666666666, 156.25, 271.239805239183, 79.16666666666666, 162.76041666666669, 274.15596248901363);
line(79.16666666666666, 156.25, 271.239805239183, 85.76388888888889, 149.73958333333331, 266.9800628711874);
line(85.76388888888889, 149.73958333333331, 266.9800628711874, 85.76388888888889, 156.25, 268.38503253510714);
line(85.76388888888889, 149.73958333333331, 266.9800628711874, 92.36111111111111, 143.22916666666669, 262.852047797841);
line(92.36111111111111, 143.22916666666669, 262.852047797841, 92.36111111111111, 149.73958333333331, 265.58972636446725);
line(92.36111111111111, 143.22916666666669, 262.852047797841, 98.95833333333334, 136.71875, 264.2137955865935);
line(98.95833333333334, 136.71875, 264.2137955865935, 98.95833333333334, 143.22916666666669, 266.9800628711874);
line(98.95833333333334, 136.71875, 264.2137955865935, 105.55555555555556, 130.20833333333331, 349.2540686386967);
line(105.55555555555556, 130.20833333333331, 349.2540686386967, 105.55555555555556, 136.71875, 322.7327235161414);
line(105.55555555555556, 130.20833333333331, 349.2540686386967, 112.15277777777777, 123.69791666666667, 377.7064332292789);
line(112.15277777777777, 123.69791666666667, 377.7064332292789, 112.15277777777777, 130.20833333333331, 351.6622938724569);
line(72.56944444444444, 169.27083333333331, 278.6496963537868, 79.16666666666666, 162.76041666666669, 274.15596248901363);
line(79.16666666666666, 162.76041666666669, 274.15596248901363, 79.16666666666666, 169.27083333333331, 275.6376823735107);
line(79.16666666666666, 162.76041666666669, 274.15596248901363, 85.76388888888889, 156.25, 268.38503253510714);
line(85.76388888888889, 156.25, 268.38503253510714, 85.76388888888889, 162.76041666666669, 271.239805239183);
line(85.76388888888889, 156.25, 268.38503253510714, 92.36111111111111, 149.73958333333331, 265.58972636446725);
line(92.36111111111111, 149.73958333333331, 265.58972636446725, 92.36111111111111, 156.25, 266.9800628711874);
line(92.36111111111111, 149.73958333333331, 265.58972636446725, 98.95833333333334, 143.22916666666669, 266.9800628711874);
line(98.95833333333334, 143.22916666666669, 266.9800628711874, 98.95833333333334, 149.73958333333331, 269.8048675972289);
line(98.95833333333334, 143.22916666666669, 266.9800628711874, 105.55555555555556, 136.71875, 322.7327235161414);
line(105.55555555555556, 136.71875, 322.7327235161414, 105.55555555555556, 143.22916666666669, 310.92726435828575);
line(105.55555555555556, 136.71875, 322.7327235161414, 112.15277777777777, 130.20833333333331, 351.6622938724569);
line(112.15277777777777, 130.20833333333331, 351.6622938724569, 112.15277777777777, 136.71875, 324.78801213815586);
line(79.16666666666666, 169.27083333333331, 275.6376823735107, 85.76388888888889, 162.76041666666669, 271.239805239183);
line(85.76388888888889, 162.76041666666669, 271.239805239183, 85.76388888888889, 169.27083333333331, 272.69008771531156);
line(85.76388888888889, 162.76041666666669, 271.239805239183, 92.36111111111111, 156.25, 266.9800628711874);
line(92.36111111111111, 156.25, 266.9800628711874, 92.36111111111111, 162.76041666666669, 269.8048675972289);
line(92.36111111111111, 156.25, 266.9800628711874, 98.95833333333334, 149.73958333333331, 269.8048675972289);
line(98.95833333333334, 149.73958333333331, 269.8048675972289, 98.95833333333334, 156.25, 271.239805239183);
line(98.95833333333334, 149.73958333333331, 269.8048675972289, 105.55555555555556, 143.22916666666669, 310.92726435828575);
line(105.55555555555556, 143.22916666666669, 310.92726435828575, 105.55555555555556, 149.73958333333331, 307.1817281080316);
line(105.55555555555556, 143.22916666666669, 310.92726435828575, 112.15277777777777, 136.71875, 324.78801213815586);
line(112.15277777777777, 136.71875, 324.78801213815586, 112.15277777777777, 143.22916666666669, 316.72002260511533);
line(112.15277777777777, 136.71875, 324.78801213815586, 118.75, 130.20833333333331, 366.8391769855171);
line(118.75, 130.20833333333331, 366.8391769855171, 118.75, 136.71875, 490.2644063234495);
line(85.76388888888889, 169.27083333333331, 272.69008771531156, 92.36111111111111, 162.76041666666669, 269.8048675972289);
line(92.36111111111111, 162.76041666666669, 269.8048675972289, 92.36111111111111, 169.27083333333331, 271.239805239183);
line(92.36111111111111, 162.76041666666669, 269.8048675972289, 98.95833333333334, 156.25, 271.239805239183);
line(98.95833333333334, 156.25, 271.239805239183, 98.95833333333334, 162.76041666666669, 275.6376823735107);
line(98.95833333333334, 156.25, 271.239805239183, 105.55555555555556, 149.73958333333331, 307.1817281080316);
line(105.55555555555556, 149.73958333333331, 307.1817281080316, 105.55555555555556, 156.25, 305.342597387824);
line(105.55555555555556, 149.73958333333331, 307.1817281080316, 112.15277777777777, 143.22916666666669, 316.72002260511533);
line(112.15277777777777, 143.22916666666669, 316.72002260511533, 112.15277777777777, 149.73958333333331, 314.76526842996935);
line(112.15277777777777, 143.22916666666669, 316.72002260511533, 118.75, 136.71875, 490.2644063234495);
line(118.75, 136.71875, 490.2644063234495, 118.75, 143.22916666666669, 459.3539322047638);
line(92.36111111111111, 169.27083333333331, 271.239805239183, 98.95833333333334, 162.76041666666669, 275.6376823735107);
line(98.95833333333334, 162.76041666666669, 275.6376823735107, 98.95833333333334, 169.27083333333331, 274.15596248901363);
line(98.95833333333334, 162.76041666666669, 275.6376823735107, 105.55555555555556, 156.25, 305.342597387824);
line(105.55555555555556, 156.25, 305.342597387824, 105.55555555555556, 162.76041666666669, 299.95500674898767);
line(105.55555555555556, 156.25, 305.342597387824, 112.15277777777777, 149.73958333333331, 314.76526842996935);
line(112.15277777777777, 149.73958333333331, 314.76526842996935, 112.15277777777777, 156.25, 320.7032834356754);
line(112.15277777777777, 149.73958333333331, 314.76526842996935, 118.75, 143.22916666666669, 459.3539322047638);
line(118.75, 143.22916666666669, 459.3539322047638, 118.75, 149.73958333333331, 404.68000523703535);
line(98.95833333333334, 169.27083333333331, 274.15596248901363, 105.55555555555556, 162.76041666666669, 299.95500674898767);
line(105.55555555555556, 162.76041666666669, 299.95500674898767, 105.55555555555556, 169.27083333333331, 291.3861123093492);
line(105.55555555555556, 162.76041666666669, 299.95500674898767, 112.15277777777777, 156.25, 320.7032834356754);
line(112.15277777777777, 156.25, 320.7032834356754, 112.15277777777777, 162.76041666666669, 314.76526842996935);
line(112.15277777777777, 156.25, 320.7032834356754, 118.75, 149.73958333333331, 404.68000523703535);
line(118.75, 149.73958333333331, 404.68000523703535, 118.75, 156.25, 356.57977074018265);
line(105.55555555555556, 169.27083333333331, 291.3861123093492, 112.15277777777777, 162.76041666666669, 314.76526842996935);
line(112.15277777777777, 162.76041666666669, 314.76526842996935, 112.15277777777777, 169.27083333333331, 289.73074923803654);
line(112.15277777777777, 162.76041666666669, 314.76526842996935, 118.75, 156.25, 356.57977074018265);
line(118.75, 156.25, 356.57977074018265, 118.75, 162.76041666666669, 324.78801213815586);
line(112.15277777777777, 169.27083333333331, 289.73074923803654, 118.75, 162.76041666666669, 324.78801213815586);
line(118.75, 162.76041666666669, 324.78801213815586, 118.75, 169.27083333333331, 291.3861123093492);
line(65.97222222222221, 26.041666666666668, 1108.0813896644254, 65.97222222222221, 32.55208333333333, 1158.4195523049143);
line(65.97222222222221, 32.55208333333333, 1158.4195523049143, 65.97222222222221, 39.0625, 1213.548916729129);
line(65.97222222222221, 32.55208333333333, 1158.4195523049143, 72.56944444444444, 26.041666666666668, 738.8573787947932);
line(72.56944444444444, 26.041666666666668, 738.8573787947932, 72.56944444444444, 32.55208333333333, 289.73074923803654);
line(65.97222222222221, 39.0625, 1213.548916729129, 72.56944444444444, 32.55208333333333, 289.73074923803654);
line(72.56944444444444, 32.55208333333333, 289.73074923803654, 72.56944444444444, 39.0625, 291.3861123093492);
line(72.56944444444444, 32.55208333333333, 289.73074923803654, 79.16666666666666, 26.041666666666668, 283.2932001299816);
line(79.16666666666666, 26.041666666666668, 283.2932001299816, 79.16666666666666, 32.55208333333333, 286.4758138581271);
line(72.56944444444444, 39.0625, 291.3861123093492, 72.56944444444444, 45.57291666666667, 293.0604997543464);
line(72.56944444444444, 39.0625, 291.3861123093492, 79.16666666666666, 32.55208333333333, 286.4758138581271);
line(79.16666666666666, 32.55208333333333, 286.4758138581271, 79.16666666666666, 39.0625, 288.0940881398443);
line(79.16666666666666, 32.55208333333333, 286.4758138581271, 85.76388888888889, 26.041666666666668, 421.39879612147854);
line(85.76388888888889, 26.041666666666668, 421.39879612147854, 85.76388888888889, 32.55208333333333, 280.1805241573296);
line(72.56944444444444, 45.57291666666667, 293.0604997543464, 72.56944444444444, 52.083333333333336, 293.0604997543464);
line(72.56944444444444, 45.57291666666667, 293.0604997543464, 79.16666666666666, 39.0625, 288.0940881398443);
line(79.16666666666666, 39.0625, 288.0940881398443, 79.16666666666666, 45.57291666666667, 289.73074923803654);
line(79.16666666666666, 39.0625, 288.0940881398443, 85.76388888888889, 32.55208333333333, 280.1805241573296);
line(85.76388888888889, 32.55208333333333, 280.1805241573296, 85.76388888888889, 39.0625, 281.72826480247255);
line(85.76388888888889, 32.55208333333333, 280.1805241573296, 92.36111111111111, 26.041666666666668, 749.718855429214);
line(92.36111111111111, 26.041666666666668, 749.718855429214, 92.36111111111111, 32.55208333333333, 283.2932001299816);
line(65.97222222222221, 58.59375, 443.37994618584577, 65.97222222222221, 65.10416666666666, 386.2890123498869);
line(65.97222222222221, 58.59375, 443.37994618584577, 72.56944444444444, 52.083333333333336, 293.0604997543464);
line(72.56944444444444, 52.083333333333336, 293.0604997543464, 72.56944444444444, 58.59375, 294.7542414268417);
line(72.56944444444444, 52.083333333333336, 293.0604997543464, 79.16666666666666, 45.57291666666667, 289.73074923803654);
line(79.16666666666666, 45.57291666666667, 289.73074923803654, 79.16666666666666, 52.083333333333336, 291.3861123093492);
line(79.16666666666666, 45.57291666666667, 289.73074923803654, 85.76388888888889, 39.0625, 281.72826480247255);
line(85.76388888888889, 39.0625, 281.72826480247255, 85.76388888888889, 45.57291666666667, 280.1805241573296);
line(85.76388888888889, 39.0625, 281.72826480247255, 92.36111111111111, 32.55208333333333, 283.2932001299816);
line(92.36111111111111, 32.55208333333333, 283.2932001299816, 92.36111111111111, 39.0625, 281.72826480247255);
line(92.36111111111111, 32.55208333333333, 283.2932001299816, 98.95833333333334, 26.041666666666668, 1185.3435753216115);
line(98.95833333333334, 26.041666666666668, 1185.3435753216115, 98.95833333333334, 32.55208333333333, 342.2233107756726);
line(65.97222222222221, 65.10416666666666, 386.2890123498869, 65.97222222222221, 71.61458333333334, 305.342597387824);
line(65.97222222222221, 65.10416666666666, 386.2890123498869, 72.56944444444444, 58.59375, 294.7542414268417);
line(72.56944444444444, 58.59375, 294.7542414268417, 72.56944444444444, 65.10416666666666, 298.2011454432234);
line(72.56944444444444, 58.59375, 294.7542414268417, 79.16666666666666, 52.083333333333336, 291.3861123093492);
line(79.16666666666666, 52.083333333333336, 291.3861123093492, 79.16666666666666, 58.59375, 294.7542414268417);
line(79.16666666666666, 52.083333333333336, 291.3861123093492, 85.76388888888889, 45.57291666666667, 280.1805241573296);
line(85.76388888888889, 45.57291666666667, 280.1805241573296, 85.76388888888889, 52.083333333333336, 284.87561827784316);
line(85.76388888888889, 45.57291666666667, 280.1805241573296, 92.36111111111111, 39.0625, 281.72826480247255);
line(92.36111111111111, 39.0625, 281.72826480247255, 92.36111111111111, 45.57291666666667, 284.87561827784316);
line(92.36111111111111, 39.0625, 281.72826480247255, 98.95833333333334, 32.55208333333333, 342.2233107756726);
line(98.95833333333334, 32.55208333333333, 342.2233107756726, 98.95833333333334, 39.0625, 424.909706687329);
line(32.98611111111111, 104.16666666666667, 289.73074923803654, 32.98611111111111, 110.67708333333333, 296.4676748505309);
line(32.98611111111111, 104.16666666666667, 289.73074923803654, 39.58333333333333, 97.65625, 1592.4809917097316);
line(39.58333333333333, 97.65625, 1592.4809917097316, 39.58333333333333, 104.16666666666667, 286.4758138581271);
line(65.97222222222221, 71.61458333333334, 305.342597387824, 72.56944444444444, 65.10416666666666, 298.2011454432234);
line(72.56944444444444, 65.10416666666666, 298.2011454432234, 72.56944444444444, 71.61458333333334, 298.2011454432234);
line(72.56944444444444, 65.10416666666666, 298.2011454432234, 79.16666666666666, 58.59375, 294.7542414268417);
line(79.16666666666666, 58.59375, 294.7542414268417, 79.16666666666666, 65.10416666666666, 293.0604997543464);
line(79.16666666666666, 58.59375, 294.7542414268417, 85.76388888888889, 52.083333333333336, 284.87561827784316);
line(85.76388888888889, 52.083333333333336, 284.87561827784316, 85.76388888888889, 58.59375, 286.4758138581271);
line(85.76388888888889, 52.083333333333336, 284.87561827784316, 92.36111111111111, 45.57291666666667, 284.87561827784316);
line(92.36111111111111, 45.57291666666667, 284.87561827784316, 92.36111111111111, 52.083333333333336, 288.0940881398443);
line(92.36111111111111, 45.57291666666667, 284.87561827784316, 98.95833333333334, 39.0625, 424.909706687329);
line(98.95833333333334, 39.0625, 424.909706687329, 98.95833333333334, 45.57291666666667, 459.3539322047638);
line(32.98611111111111, 110.67708333333333, 296.4676748505309, 32.98611111111111, 117.1875, 439.55854531977883);
line(32.98611111111111, 110.67708333333333, 296.4676748505309, 39.58333333333333, 104.16666666666667, 286.4758138581271);
line(39.58333333333333, 104.16666666666667, 286.4758138581271, 39.58333333333333, 110.67708333333333, 281.72826480247255);
line(39.58333333333333, 104.16666666666667, 286.4758138581271, 46.18055555555556, 97.65625, 1819.7712797273912);
line(46.18055555555556, 97.65625, 1819.7712797273912, 46.18055555555556, 104.16666666666667, 277.13550567720233);
line(72.56944444444444, 71.61458333333334, 298.2011454432234, 72.56944444444444, 78.125, 299.95500674898767);
line(72.56944444444444, 71.61458333333334, 298.2011454432234, 79.16666666666666, 65.10416666666666, 293.0604997543464);
line(79.16666666666666, 65.10416666666666, 293.0604997543464, 79.16666666666666, 71.61458333333334, 294.7542414268417);
line(79.16666666666666, 65.10416666666666, 293.0604997543464, 85.76388888888889, 58.59375, 286.4758138581271);
line(85.76388888888889, 58.59375, 286.4758138581271, 85.76388888888889, 65.10416666666666, 289.73074923803654);
line(85.76388888888889, 58.59375, 286.4758138581271, 92.36111111111111, 52.083333333333336, 288.0940881398443);
line(92.36111111111111, 52.083333333333336, 288.0940881398443, 92.36111111111111, 58.59375, 289.73074923803654);
line(92.36111111111111, 52.083333333333336, 288.0940881398443, 98.95833333333334, 45.57291666666667, 459.3539322047638);
line(98.95833333333334, 45.57291666666667, 459.3539322047638, 98.95833333333334, 52.083333333333336, 411.2057601057847);
line(32.98611111111111, 117.1875, 439.55854531977883, 32.98611111111111, 123.69791666666667, 374.9297006811223);
line(32.98611111111111, 117.1875, 439.55854531977883, 39.58333333333333, 110.67708333333333, 281.72826480247255);
line(39.58333333333333, 110.67708333333333, 281.72826480247255, 39.58333333333333, 117.1875, 283.2932001299816);
line(39.58333333333333, 110.67708333333333, 281.72826480247255, 46.18055555555556, 104.16666666666667, 277.13550567720233);
line(46.18055555555556, 104.16666666666667, 277.13550567720233, 46.18055555555556, 110.67708333333333, 277.13550567720233);
line(46.18055555555556, 104.16666666666667, 277.13550567720233, 52.77777777777778, 97.65625, 1698.5562272068742);
line(52.77777777777778, 97.65625, 1698.5562272068742, 52.77777777777778, 104.16666666666667, 272.69008771531156);
line(65.97222222222221, 84.63541666666666, 339.9422098243299, 65.97222222222221, 91.14583333333334, 301.7296206785367);
line(65.97222222222221, 84.63541666666666, 339.9422098243299, 72.56944444444444, 78.125, 299.95500674898767);
line(72.56944444444444, 78.125, 299.95500674898767, 72.56944444444444, 84.63541666666666, 299.95500674898767);
line(72.56944444444444, 78.125, 299.95500674898767, 79.16666666666666, 71.61458333333334, 294.7542414268417);
line(79.16666666666666, 71.61458333333334, 294.7542414268417, 79.16666666666666, 78.125, 298.2011454432234);
line(79.16666666666666, 71.61458333333334, 294.7542414268417, 85.76388888888889, 65.10416666666666, 289.73074923803654);
line(85.76388888888889, 65.10416666666666, 289.73074923803654, 85.76388888888889, 71.61458333333334, 291.3861123093492);
line(85.76388888888889, 65.10416666666666, 289.73074923803654, 92.36111111111111, 58.59375, 289.73074923803654);
line(92.36111111111111, 58.59375, 289.73074923803654, 92.36111111111111, 65.10416666666666, 293.0604997543464);
line(92.36111111111111, 58.59375, 289.73074923803654, 98.95833333333334, 52.083333333333336, 411.2057601057847);
line(98.95833333333334, 52.083333333333336, 411.2057601057847, 98.95833333333334, 58.59375, 318.6992073138344);
line(32.98611111111111, 123.69791666666667, 374.9297006811223, 32.98611111111111, 130.20833333333331, 411.2057601057847);
line(32.98611111111111, 123.69791666666667, 374.9297006811223, 39.58333333333333, 117.1875, 283.2932001299816);
line(39.58333333333333, 117.1875, 283.2932001299816, 39.58333333333333, 123.69791666666667, 284.87561827784316);
line(39.58333333333333, 117.1875, 283.2932001299816, 46.18055555555556, 110.67708333333333, 277.13550567720233);
line(46.18055555555556, 110.67708333333333, 277.13550567720233, 46.18055555555556, 117.1875, 278.6496963537868);
line(46.18055555555556, 110.67708333333333, 277.13550567720233, 52.77777777777778, 104.16666666666667, 272.69008771531156);
line(52.77777777777778, 104.16666666666667, 272.69008771531156, 52.77777777777778, 110.67708333333333, 274.15596248901363);
line(52.77777777777778, 104.16666666666667, 272.69008771531156, 59.375, 97.65625, 1544.2612526683924);
line(59.375, 97.65625, 1544.2612526683924, 59.375, 104.16666666666667, 269.8048675972289);
line(59.375, 97.65625, 1544.2612526683924, 65.97222222222221, 91.14583333333334, 301.7296206785367);
line(65.97222222222221, 91.14583333333334, 301.7296206785367, 65.97222222222221, 97.65625, 318.6992073138344);
line(65.97222222222221, 91.14583333333334, 301.7296206785367, 72.56944444444444, 84.63541666666666, 299.95500674898767);
line(72.56944444444444, 84.63541666666666, 299.95500674898767, 72.56944444444444, 91.14583333333334, 299.95500674898767);
line(72.56944444444444, 84.63541666666666, 299.95500674898767, 79.16666666666666, 78.125, 298.2011454432234);
line(79.16666666666666, 78.125, 298.2011454432234, 79.16666666666666, 84.63541666666666, 298.2011454432234);
line(79.16666666666666, 78.125, 298.2011454432234, 85.76388888888889, 71.61458333333334, 291.3861123093492);
line(85.76388888888889, 71.61458333333334, 291.3861123093492, 85.76388888888889, 78.125, 293.0604997543464);
line(85.76388888888889, 71.61458333333334, 291.3861123093492, 92.36111111111111, 65.10416666666666, 293.0604997543464);
line(92.36111111111111, 65.10416666666666, 293.0604997543464, 92.36111111111111, 71.61458333333334, 294.7542414268417);
line(92.36111111111111, 65.10416666666666, 293.0604997543464, 98.95833333333334, 58.59375, 318.6992073138344);
line(32.98611111111111, 130.20833333333331, 411.2057601057847, 32.98611111111111, 136.71875, 293.0604997543464);
line(32.98611111111111, 130.20833333333331, 411.2057601057847, 39.58333333333333, 123.69791666666667, 284.87561827784316);
line(39.58333333333333, 123.69791666666667, 284.87561827784316, 39.58333333333333, 130.20833333333331, 288.0940881398443);
line(39.58333333333333, 123.69791666666667, 284.87561827784316, 46.18055555555556, 117.1875, 278.6496963537868);
line(46.18055555555556, 117.1875, 278.6496963537868, 46.18055555555556, 123.69791666666667, 281.72826480247255);
line(46.18055555555556, 117.1875, 278.6496963537868, 52.77777777777778, 110.67708333333333, 274.15596248901363);
line(52.77777777777778, 110.67708333333333, 274.15596248901363, 52.77777777777778, 117.1875, 275.6376823735107);
line(52.77777777777778, 110.67708333333333, 274.15596248901363, 59.375, 104.16666666666667, 269.8048675972289);
line(59.375, 104.16666666666667, 269.8048675972289, 59.375, 110.67708333333333, 271.239805239183);
line(59.375, 104.16666666666667, 269.8048675972289, 65.97222222222221, 97.65625, 318.6992073138344);
line(65.97222222222221, 97.65625, 318.6992073138344, 65.97222222222221, 104.16666666666667, 266.9800628711874);
line(65.97222222222221, 97.65625, 318.6992073138344, 72.56944444444444, 91.14583333333334, 299.95500674898767);
line(72.56944444444444, 91.14583333333334, 299.95500674898767, 72.56944444444444, 97.65625, 293.0604997543464);
line(72.56944444444444, 91.14583333333334, 299.95500674898767, 79.16666666666666, 84.63541666666666, 298.2011454432234);
line(79.16666666666666, 84.63541666666666, 298.2011454432234, 79.16666666666666, 91.14583333333334, 298.2011454432234);
line(79.16666666666666, 84.63541666666666, 298.2011454432234, 85.76388888888889, 78.125, 293.0604997543464);
line(85.76388888888889, 78.125, 293.0604997543464, 85.76388888888889, 84.63541666666666, 296.4676748505309);
line(85.76388888888889, 78.125, 293.0604997543464, 92.36111111111111, 71.61458333333334, 294.7542414268417);
line(92.36111111111111, 71.61458333333334, 294.7542414268417, 92.36111111111111, 78.125, 296.4676748505309);
line(32.98611111111111, 136.71875, 293.0604997543464, 32.98611111111111, 143.22916666666669, 303.5253577581974);
line(32.98611111111111, 136.71875, 293.0604997543464, 39.58333333333333, 130.20833333333331, 288.0940881398443);
line(39.58333333333333, 130.20833333333331, 288.0940881398443, 39.58333333333333, 136.71875, 289.73074923803654);
line(39.58333333333333, 130.20833333333331, 288.0940881398443, 46.18055555555556, 123.69791666666667, 281.72826480247255);
line(46.18055555555556, 123.69791666666667, 281.72826480247255, 46.18055555555556, 130.20833333333331, 283.2932001299816);
line(46.18055555555556, 123.69791666666667, 281.72826480247255, 52.77777777777778, 117.1875, 275.6376823735107);
line(52.77777777777778, 117.1875, 275.6376823735107, 52.77777777777778, 123.69791666666667, 278.6496963537868);
line(52.77777777777778, 117.1875, 275.6376823735107, 59.375, 110.67708333333333, 271.239805239183);
line(59.375, 110.67708333333333, 271.239805239183, 59.375, 117.1875, 271.239805239183);
line(59.375, 110.67708333333333, 271.239805239183, 65.97222222222221, 104.16666666666667, 266.9800628711874);
line(65.97222222222221, 104.16666666666667, 266.9800628711874, 65.97222222222221, 110.67708333333333, 266.9800628711874);
line(65.97222222222221, 104.16666666666667, 266.9800628711874, 72.56944444444444, 97.65625, 293.0604997543464);
line(72.56944444444444, 97.65625, 293.0604997543464, 72.56944444444444, 104.16666666666667, 264.2137955865935);
line(72.56944444444444, 97.65625, 293.0604997543464, 79.16666666666666, 91.14583333333334, 298.2011454432234);
line(79.16666666666666, 91.14583333333334, 298.2011454432234, 79.16666666666666, 97.65625, 291.3861123093492);
line(79.16666666666666, 91.14583333333334, 298.2011454432234, 85.76388888888889, 84.63541666666666, 296.4676748505309);
line(85.76388888888889, 84.63541666666666, 296.4676748505309, 85.76388888888889, 91.14583333333334, 296.4676748505309);
line(85.76388888888889, 84.63541666666666, 296.4676748505309, 92.36111111111111, 78.125, 296.4676748505309);
line(92.36111111111111, 78.125, 296.4676748505309, 92.36111111111111, 84.63541666666666, 298.2011454432234);
line(92.36111111111111, 78.125, 296.4676748505309, 98.95833333333334, 71.61458333333334, 344.53523210527914);
line(98.95833333333334, 71.61458333333334, 344.53523210527914, 98.95833333333334, 78.125, 344.53523210527914);
line(32.98611111111111, 143.22916666666669, 303.5253577581974, 32.98611111111111, 149.73958333333331, 307.1817281080316);
line(32.98611111111111, 143.22916666666669, 303.5253577581974, 39.58333333333333, 136.71875, 289.73074923803654);
line(39.58333333333333, 136.71875, 289.73074923803654, 39.58333333333333, 143.22916666666669, 289.73074923803654);
line(39.58333333333333, 136.71875, 289.73074923803654, 46.18055555555556, 130.20833333333331, 283.2932001299816);
line(46.18055555555556, 130.20833333333331, 283.2932001299816, 46.18055555555556, 136.71875, 284.87561827784316);
line(46.18055555555556, 130.20833333333331, 283.2932001299816, 52.77777777777778, 123.69791666666667, 278.6496963537868);
line(52.77777777777778, 123.69791666666667, 278.6496963537868, 52.77777777777778, 130.20833333333331, 278.6496963537868);
line(52.77777777777778, 123.69791666666667, 278.6496963537868, 59.375, 117.1875, 271.239805239183);
line(59.375, 117.1875, 271.239805239183, 59.375, 123.69791666666667, 272.69008771531156);
line(59.375, 117.1875, 271.239805239183, 65.97222222222221, 110.67708333333333, 266.9800628711874);
line(65.97222222222221, 110.67708333333333, 266.9800628711874, 65.97222222222221, 117.1875, 268.38503253510714);
line(65.97222222222221, 110.67708333333333, 266.9800628711874, 72.56944444444444, 104.16666666666667, 264.2137955865935);
line(72.56944444444444, 104.16666666666667, 264.2137955865935, 72.56944444444444, 110.67708333333333, 264.2137955865935);
line(72.56944444444444, 104.16666666666667, 264.2137955865935, 79.16666666666666, 97.65625, 291.3861123093492);
line(79.16666666666666, 97.65625, 291.3861123093492, 79.16666666666666, 104.16666666666667, 261.5042648269073);
line(79.16666666666666, 97.65625, 291.3861123093492, 85.76388888888889, 91.14583333333334, 296.4676748505309);
line(85.76388888888889, 91.14583333333334, 296.4676748505309, 85.76388888888889, 97.65625, 293.0604997543464);
line(85.76388888888889, 91.14583333333334, 296.4676748505309, 92.36111111111111, 84.63541666666666, 298.2011454432234);
line(92.36111111111111, 84.63541666666666, 298.2011454432234, 92.36111111111111, 91.14583333333334, 298.2011454432234);
line(92.36111111111111, 84.63541666666666, 298.2011454432234, 98.95833333333334, 78.125, 344.53523210527914);
line(98.95833333333334, 78.125, 344.53523210527914, 98.95833333333334, 84.63541666666666, 339.9422098243299);
line(32.98611111111111, 149.73958333333331, 307.1817281080316, 32.98611111111111, 156.25, 307.1817281080316);
line(32.98611111111111, 149.73958333333331, 307.1817281080316, 39.58333333333333, 143.22916666666669, 289.73074923803654);
line(39.58333333333333, 143.22916666666669, 289.73074923803654, 39.58333333333333, 149.73958333333331, 291.3861123093492);
line(39.58333333333333, 143.22916666666669, 289.73074923803654, 46.18055555555556, 136.71875, 284.87561827784316);
line(46.18055555555556, 136.71875, 284.87561827784316, 46.18055555555556, 143.22916666666669, 286.4758138581271);
line(46.18055555555556, 136.71875, 284.87561827784316, 52.77777777777778, 130.20833333333331, 278.6496963537868);
line(52.77777777777778, 130.20833333333331, 278.6496963537868, 52.77777777777778, 136.71875, 280.1805241573296);
line(52.77777777777778, 130.20833333333331, 278.6496963537868, 59.375, 123.69791666666667, 272.69008771531156);
line(59.375, 123.69791666666667, 272.69008771531156, 59.375, 130.20833333333331, 275.6376823735107);
line(59.375, 123.69791666666667, 272.69008771531156, 65.97222222222221, 117.1875, 268.38503253510714);
line(65.97222222222221, 117.1875, 268.38503253510714, 65.97222222222221, 123.69791666666667, 268.38503253510714);
line(65.97222222222221, 117.1875, 268.38503253510714, 72.56944444444444, 110.67708333333333, 264.2137955865935);
line(72.56944444444444, 110.67708333333333, 264.2137955865935, 72.56944444444444, 117.1875, 265.58972636446725);
line(72.56944444444444, 110.67708333333333, 264.2137955865935, 79.16666666666666, 104.16666666666667, 261.5042648269073);
line(79.16666666666666, 104.16666666666667, 261.5042648269073, 79.16666666666666, 110.67708333333333, 261.5042648269073);
line(79.16666666666666, 104.16666666666667, 261.5042648269073, 85.76388888888889, 97.65625, 293.0604997543464);
line(85.76388888888889, 97.65625, 293.0604997543464, 85.76388888888889, 104.16666666666667, 258.84974279978985);
line(85.76388888888889, 97.65625, 293.0604997543464, 92.36111111111111, 91.14583333333334, 298.2011454432234);
line(92.36111111111111, 91.14583333333334, 298.2011454432234, 92.36111111111111, 97.65625, 298.2011454432234);
line(92.36111111111111, 91.14583333333334, 298.2011454432234, 98.95833333333334, 84.63541666666666, 339.9422098243299);
line(98.95833333333334, 84.63541666666666, 339.9422098243299, 98.95833333333334, 91.14583333333334, 398.3581395893787);
line(32.98611111111111, 156.25, 307.1817281080316, 39.58333333333333, 149.73958333333331, 291.3861123093492);
line(39.58333333333333, 149.73958333333331, 291.3861123093492, 46.18055555555556, 143.22916666666669, 286.4758138581271);
line(46.18055555555556, 143.22916666666669, 286.4758138581271, 52.77777777777778, 136.71875, 280.1805241573296);
line(52.77777777777778, 136.71875, 280.1805241573296, 59.375, 130.20833333333331, 275.6376823735107);
line(59.375, 130.20833333333331, 275.6376823735107, 65.97222222222221, 123.69791666666667, 268.38503253510714);
line(65.97222222222221, 123.69791666666667, 268.38503253510714, 72.56944444444444, 117.1875, 265.58972636446725);
line(72.56944444444444, 117.1875, 265.58972636446725, 79.16666666666666, 110.67708333333333, 261.5042648269073);
line(79.16666666666666, 110.67708333333333, 261.5042648269073, 85.76388888888889, 104.16666666666667, 258.84974279978985);
line(85.76388888888889, 104.16666666666667, 258.84974279978985, 92.36111111111111, 97.65625, 298.2011454432234);
line(92.36111111111111, 97.65625, 298.2011454432234, 98.95833333333334, 91.14583333333334, 398.3581395893787);
